64   
1    

1    
  0.0200000000000000   0.0000000000000000   0.0000000000000000
  -0.0054276100    0.0000001897    0.0000001897
   0.0000118700    0.0000000097    0.0000000097
   0.0000258500   -0.0000001603   -0.0000001603
   0.0000225400   -0.0000001003   -0.0000002003
   0.0000258500   -0.0000001603   -0.0000001603
   0.0000225400   -0.0000002003   -0.0000001003
  -0.0001156500    0.0000000097    0.0000000097
   0.0000169800    0.0000001597    0.0000001597
  -0.0001970900    0.0000449997    0.0000449997
  -0.0000040600    0.0000021097    0.0000021097
  -0.0001972500    0.0000444597   -0.0000441503
  -0.0000036900    0.0000021497   -0.0000019303
  -0.0001972500   -0.0000441503    0.0000444597
  -0.0000036900   -0.0000019303    0.0000021497
  -0.0001974300   -0.0000451703   -0.0000451703
  -0.0000036100   -0.0000022603   -0.0000022603
   0.0000608400   -0.0000442103    0.0000857097
   0.0000614300   -0.0000449203   -0.0000858703
   0.0000021500   -0.0000024503   -0.0000240803
   0.0000020900   -0.0000021503    0.0000237897
   0.0000610100    0.0000443397   -0.0000856603
   0.0000613800    0.0000446897    0.0000859097
   0.0000021400    0.0000021597    0.0000241897
   0.0000019100    0.0000023197   -0.0000237003
   0.0000608400    0.0000857097   -0.0000442103
   0.0000614300   -0.0000858703   -0.0000449203
   0.0000610100   -0.0000856603    0.0000443397
   0.0000613800    0.0000859097    0.0000446897
   0.0000021500   -0.0000240803   -0.0000024503
   0.0000020900    0.0000237897   -0.0000021503
   0.0000021400    0.0000241897    0.0000021597
   0.0000019100   -0.0000237003    0.0000023197
  -0.0000107300    0.0000198397    0.0000198397
   0.0000811100    0.0000124597    0.0000124597
   0.0000139100    0.0000125797    0.0000142797
  -0.0000173200    0.0000203797    0.0000176697
   0.0000139100    0.0000142797    0.0000125797
  -0.0000173200    0.0000176697    0.0000203797
   0.0000015200    0.0000172897    0.0000172897
   0.0013705800    0.0008668897    0.0008668897
   0.0000012200   -0.0000172103   -0.0000172103
   0.0013709500   -0.0008669703   -0.0008669703
   0.0000139000   -0.0000143203   -0.0000125403
  -0.0000174200   -0.0000176103   -0.0000204203
   0.0000139000   -0.0000125403   -0.0000143203
  -0.0000174200   -0.0000204203   -0.0000176103
  -0.0000103400   -0.0000199203   -0.0000199203
   0.0000809500   -0.0000123103   -0.0000123103
  -0.0000172000   -0.0000174003    0.0000202497
   0.0000140800   -0.0000138803    0.0000121397
   0.0013576300   -0.0008415103    0.0008418997
   0.0000013200   -0.0000172103    0.0000172397
   0.0000801700   -0.0000121503    0.0000122697
  -0.0000106400   -0.0000196603    0.0000199697
  -0.0000173400   -0.0000203903    0.0000169997
   0.0000141800   -0.0000125103    0.0000138397
  -0.0000172000    0.0000202497   -0.0000174003
   0.0000140800    0.0000121397   -0.0000138803
   0.0000801700    0.0000122697   -0.0000121503
  -0.0000106400    0.0000199697   -0.0000196603
   0.0013576300    0.0008418997   -0.0008415103
   0.0000013200    0.0000172397   -0.0000172103
  -0.0000173400    0.0000169997   -0.0000203903
   0.0000141800    0.0000138397   -0.0000125103
